Candidate,Gender,Party_ID,Party,Acronym,Votes
ABDULA BILIBANI,M,113,Koalicija VAKAT,VAKAT,390
ABDYL BAJRAMI,M,134,Partia Demokratike e Kosovës,PDK,2458
ABDYL GASHI,M,127,Lëvizja VETËVENDOSJE!,LV,3185
ABDYRRAHMAN KRASNIQI,M,135,Aleanca për Ardhmërinë e Kosovës,AAK,1619
ABEDIN SADRIJA,M,121,Nisma Socialdemokrate,NISMA,381
ABELARD TAHIRI,M,134,Partia Demokratike e Kosovës,PDK,9341
ADEA ROKA,F,135,Aleanca për Ardhmërinë e Kosovës,AAK,1390
ADELINA GRAINCA,F,134,Partia Demokratike e Kosovës,PDK,7153
ADELINA XANI SHABANI,F,121,Nisma Socialdemokrate,NISMA,156
ADEM ABAZAJ,M,136,Partia Liberale Egjiptiane,PLE,196
ADEM HODŽA,M,137,Jedinstvena Goranska Partija,JGP,1373
ADIS ABDULA,M,125,Socialdemokratska Unija,SDU,69
ADMIR ALJILJI,M,125,Socialdemokratska Unija,SDU,495
ADMIR PALIÇKO,M,126,Kosovaki Nevi Romani Partia,KNRP,76
ADNAN ADEMI,M,127,Lëvizja VETËVENDOSJE!,LV,4006
ADNAN DACIĆ,M,113,Koalicija VAKAT,VAKAT,253
ADNAN LAHU,M,132,Lidhja Demokratike e Kosovës,LDK,1950
ADNAN MEROVCI,M,132,Lidhja Demokratike e Kosovës,LDK,3560
ADNAN REDŽEPLAR,M,113,Koalicija VAKAT,VAKAT,1288
ADNAN RRUSTEMI,M,127,Lëvizja VETËVENDOSJE!,LV,11220
ADRIANA MATOSHI,F,127,Lëvizja VETËVENDOSJE!,LV,10396
ADRIJANA HODŽIĆ,F,129,Ujedinjena Zajednica - Adrijana Hodžić,UZ-AH,1749
ADRIJANA MORINA,F,126,Kosovaki Nevi Romani Partia,KNRP,60
AFËRDITA MORINA-BIFFAR,F,132,Lidhja Demokratike e Kosovës,LDK,857
AFRIM HALITI,M,128,Partia Demokratike e Ashkanlive të Kosovës,PDAK,103
AFRIM TEJECI,M,121,Nisma Socialdemokrate,NISMA,259
AGIM ÇAKA,M,121,Nisma Socialdemokrate,NISMA,473
AGIM HYSENI,M,121,Nisma Socialdemokrate,NISMA,276
AGIM HYSENI,M,128,Partia Demokratike e Ashkanlive të Kosovës,PDAK,178
AGIM KRASNIQI,M,121,Nisma Socialdemokrate,NISMA,373
AGIM VELIU,M,132,Lidhja Demokratike e Kosovës,LDK,11813
AGIME GASHAJ,F,127,Lëvizja VETËVENDOSJE!,LV,4599
AGIME ROSHAJ,F,134,Partia Demokratike e Kosovës,PDK,1642
AGNESA HAJREDINI,F,121,Nisma Socialdemokrate,NISMA,524
AGON ASLLANI,M,130,Partia e Ashkalinjëve për Integrim,PAI,160
AGON BATUSHA,M,127,Lëvizja VETËVENDOSJE!,LV,13041
AGRON BACAJ,M,135,Aleanca për Ardhmërinë e Kosovës,AAK,3310
AGRON KRYEZIU,M,135,Aleanca për Ardhmërinë e Kosovës,AAK,2299
AGRON XHEMAJLI,M,135,Aleanca për Ardhmërinë e Kosovës,AAK,388
AGRON ZENUNAJ,M,130,Partia e Ashkalinjëve për Integrim,PAI,17
AHMED ZEČIROVIĆ,M,125,Socialdemokratska Unija,SDU,350
AHMET ISUFI,M,135,Aleanca për Ardhmërinë e Kosovës,AAK,2580
AHMET PODRIMJA,M,130,Partia e Ashkalinjëve për Integrim,PAI,9
AIDA MORINA,F,111,Iniciativa e Re Demokratike e Kosovës,IRDK,101
AJET AVDILI,M,132,Lidhja Demokratike e Kosovës,LDK,1232
AJHAN ÇIGTEKIN,F,138,FJALA,FJALA,11
AJNUR JASHARI,M,123,Lëvizja Përparimtare e Romëve të Kosovës,LPRK,24
AJSHA BERISHA,F,124,Romani Iniciyativa,RI,207
AKİF GAŞİ,M,112,Kosova Demokratik Türk Partisi,KDTP,1044
ALBAN BAJRAMI,M,127,Lëvizja VETËVENDOSJE!,LV,6631
ALBAN BISLIMAJ,M,134,Partia Demokratike e Kosovës,PDK,3556
ALBAN HYSENI,M,127,Lëvizja VETËVENDOSJE!,LV,15200
ALBANA BYTYQI,F,135,Aleanca për Ardhmërinë e Kosovës,AAK,4420
ALBANA GASHI,F,127,Lëvizja VETËVENDOSJE!,LV,3885
ALBANA GËRXHALIU,F,135,Aleanca për Ardhmërinë e Kosovës,AAK,439
ALBANA XHARRA,F,127,Lëvizja VETËVENDOSJE!,LV,3308
ALBENA RESHITAJ,F,135,Aleanca për Ardhmërinë e Kosovës,AAK,5916
ALBERE HALILI,F,128,Partia Demokratike e Ashkanlive të Kosovës,PDAK,20
ALBERT KINOLLI,M,117,Partia Rome e Bashkuar e Kosovës,PREBK,649
ALBERT SERMAXHAJ,M,121,Nisma Socialdemokrate,NISMA,460
ALBINA LLESHI,F,134,Partia Demokratike e Kosovës,PDK,1877
ALBIONE HALIMAJ,F,111,Iniciativa e Re Demokratike e Kosovës,IRDK,312
ALBULENA BALAJ HALIMAJ,F,121,Nisma Socialdemokrate,NISMA,3995
ALDIJANA ARIFI,F,113,Koalicija VAKAT,VAKAT,470
ALI ADEMI,M,130,Partia e Ashkalinjëve për Integrim,PAI,292
ALI BERISHA,M,135,Aleanca për Ardhmërinë e Kosovës,AAK,4084
ALI GASHI,M,117,Partia Rome e Bashkuar e Kosovës,PREBK,55
ALI GORANI,M,130,Partia e Ashkalinjëve për Integrim,PAI,71
ALI MALIQI,M,128,Partia Demokratike e Ashkanlive të Kosovës,PDAK,24
ALI STUBLLA,M,134,Partia Demokratike e Kosovës,PDK,1375
ALI TAFARSHIKU,M,127,Lëvizja VETËVENDOSJE!,LV,3289
ALI TOPALLI,M,132,Lidhja Demokratike e Kosovës,LDK,2722
ALIS BAŠINI,M,133,Naša Inicijativa,NAŠA,289
ALISA VEJAPI,F,113,Koalicija VAKAT,VAKAT,259
ALMA LAMA,F,132,Lidhja Demokratike e Kosovës,LDK,1610
ALMEDINA JAHA,F,129,Ujedinjena Zajednica - Adrijana Hodžić,UZ-AH,59
ALMEDINA SALIHI,F,131,Nova Demokratska Stranka,NDS,269
ALMEN AJRADINI,M,133,Naša Inicijativa,NAŠA,42
ALMIR BAJRAMI,M,113,Koalicija VAKAT,VAKAT,758
ALMIR VELIJI,M,125,Socialdemokratska Unija,SDU,795
ALMIRA BAJRAMI,F,137,Jedinstvena Goranska Partija,JGP,128
ALMIRA HAJRADINI,F,137,Jedinstvena Goranska Partija,JGP,49
ALONDRA GASHI,F,136,Partia Liberale Egjiptiane,PLE,13
ALSEN BAJRAMI,M,125,Socialdemokratska Unija,SDU,108
AMEL DANIJALI,M,125,Socialdemokratska Unija,SDU,61
AMELA TRKALAÇ,F,113,Koalicija VAKAT,VAKAT,147
AMIL KAPLANI,M,113,Koalicija VAKAT,VAKAT,312
AMINA MUSTAFI,F,113,Koalicija VAKAT,VAKAT,408
AMRA ALJITI,F,113,Koalicija VAKAT,VAKAT,418
AMRA MEMOVIĆ,F,129,Ujedinjena Zajednica - Adrijana Hodžić,UZ-AH,194
ANAID DEMIROVIĆ,M,129,Ujedinjena Zajednica - Adrijana Hodžić,UZ-AH,26
ANESA ÇOLLAKOVIQ,F,131,Nova Demokratska Stranka,NDS,154
ANGJELINA KRASNIQI,F,127,Lëvizja VETËVENDOSJE!,LV,3163
ANITA KELIQ,F,117,Partia Rome e Bashkuar e Kosovës,PREBK,25
ANITA LIMANI,F,128,Partia Demokratike e Ashkanlive të Kosovës,PDAK,13
ANTON BERISHA,M,132,Lidhja Demokratike e Kosovës,LDK,1285
ANTON QUNI,M,132,Lidhja Demokratike e Kosovës,LDK,14850
ANTON SHALA,M,135,Aleanca për Ardhmërinë e Kosovës,AAK,5693
ARBAN ABRASHI,M,132,Lidhja Demokratike e Kosovës,LDK,6181
ARBEN DAUTAJ,M,134,Partia Demokratike e Kosovës,PDK,2643
ARBEN FETOSHI,M,134,Partia Demokratike e Kosovës,PDK,4388
ARBEN GASHI,M,132,Lidhja Demokratike e Kosovës,LDK,10390
ARBEN GECAJ,M,134,Partia Demokratike e Kosovës,PDK,1690
ARBEN QORRI,M,111,Iniciativa e Re Demokratike e Kosovës,IRDK,32
ARBEN RAMADANI,M,117,Partia Rome e Bashkuar e Kosovës,PREBK,81
ARBEN VITIA,M,127,Lëvizja VETËVENDOSJE!,LV,107858
ARBËR REXHAJ,M,127,Lëvizja VETËVENDOSJE!,LV,14345
ARBËR REXHEPI,M,138,FJALA,FJALA,33
ARBER TOLAJ,M,135,Aleanca për Ardhmërinë e Kosovës,AAK,5821
ARBËRESHË KRASNIQI,F,121,Nisma Socialdemokrate,NISMA,4194
ARBËRESHË KRYEZIU HYSENI,F,127,Lëvizja VETËVENDOSJE!,LV,14322
ARBERIJE NAGAVCI,F,127,Lëvizja VETËVENDOSJE!,LV,21781
ARBNORE HASANI,F,135,Aleanca për Ardhmërinë e Kosovës,AAK,516
ARBRESHA RUSHITI,F,121,Nisma Socialdemokrate,NISMA,90
ARDIAN GOLA,M,127,Lëvizja VETËVENDOSJE!,LV,11238
ARDIAN KASTRATI,M,134,Partia Demokratike e Kosovës,PDK,13219
ARDIAN SHALA,M,132,Lidhja Demokratike e Kosovës,LDK,5253
ARDITA DUSHI,F,132,Lidhja Demokratike e Kosovës,LDK,1904
ARDITA RAHMANI,F,132,Lidhja Demokratike e Kosovës,LDK,2096
ARESA HOTI,F,138,FJALA,FJALA,59
ARHIM AJAZI,M,131,Nova Demokratska Stranka,NDS,307
ARIANA MUSLIU SHOSHI,F,134,Partia Demokratike e Kosovës,PDK,8164
ARIF AHMETXHEKAJ,M,135,Aleanca për Ardhmërinë e Kosovës,AAK,3306
ARIF ALIJA,M,131,Nova Demokratska Stranka,NDS,263
ARIF CËRMJANI,M,123,Lëvizja Përparimtare e Romëve të Kosovës,LPRK,148
ARIFKA LJATIFI,F,113,Koalicija VAKAT,VAKAT,308
ARIJETA REXHEPI,F,127,Lëvizja VETËVENDOSJE!,LV,11253
ARION THAQI,M,127,Lëvizja VETËVENDOSJE!,LV,2135
ARJETA FEJZA,F,127,Lëvizja VETËVENDOSJE!,LV,11644
ARJETA SHALA,F,111,Iniciativa e Re Demokratike e Kosovës,IRDK,327
ARLIND RAMADANI,M,138,FJALA,FJALA,73
ARLINDA UKA,F,132,Lidhja Demokratike e Kosovës,LDK,812
ARMEL RAMADANI,M,125,Socialdemokratska Unija,SDU,259
ARMEND JAMINI,M,122,Koalicija Zajeno,KZ,416
ARMEND MUJA,M,127,Lëvizja VETËVENDOSJE!,LV,43982
ARMEND ZEMAJ,M,132,Lidhja Demokratike e Kosovës,LDK,13800
ARTA AXHAMI,F,121,Nisma Socialdemokrate,NISMA,372
ARTA BAJRALIJA,F,127,Lëvizja VETËVENDOSJE!,LV,8429
ARTA NALLBANI,F,134,Partia Demokratike e Kosovës,PDK,1164
ARTA XHELA,F,130,Partia e Ashkalinjëve për Integrim,PAI,55
ARTAN ABRASHI,M,127,Lëvizja VETËVENDOSJE!,LV,14529
ARTAN BERISHA,M,136,Partia Liberale Egjiptiane,PLE,1050
ARTAN HAZIRI,M,121,Nisma Socialdemokrate,NISMA,358
ARTON DEMIRI,M,117,Partia Rome e Bashkuar e Kosovës,PREBK,21
ARTON SALIUKU,M,138,FJALA,FJALA,21
ARZU ÇUKIÇ,F,117,Partia Rome e Bashkuar e Kosovës,PREBK,127
ASLAN KRUEZI,M,130,Partia e Ashkalinjëve për Integrim,PAI,628
ASLLAN BAJRAMI,M,134,Partia Demokratike e Kosovës,PDK,1164
AVDI GËRVALLA,M,135,Aleanca për Ardhmërinë e Kosovës,AAK,699
AVDI MORINA,M,121,Nisma Socialdemokrate,NISMA,2765
AVDI PIREVA,M,132,Lidhja Demokratike e Kosovës,LDK,1377
AVDULAH DJEŠEVIĆ,M,131,Nova Demokratska Stranka,NDS,492
AVDULLAH BRAHIMI,M,128,Partia Demokratike e Ashkanlive të Kosovës,PDAK,44
AVDULLAH HOTI,M,132,Lidhja Demokratike e Kosovës,LDK,69648
AVDULLAH MUSLIU,M,134,Partia Demokratike e Kosovës,PDK,4615
AVDYL BERISHA,M,111,Iniciativa e Re Demokratike e Kosovës,IRDK,357
AVDYL KRASNIQI,M,121,Nisma Socialdemokrate,NISMA,2847
AVNI ÇAKMAKU,M,138,FJALA,FJALA,438
AVNI DEHARI,M,127,Lëvizja VETËVENDOSJE!,LV,51126
AVNI LUBOVCI,M,121,Nisma Socialdemokrate,NISMA,542
AVNI ZOGIANI,M,127,Lëvizja VETËVENDOSJE!,LV,4278
AVNIJA BAHTIJARI,M,122,Koalicija Zajeno,KZ,220
AZEM DURMIŠI,M,131,Nova Demokratska Stranka,NDS,299
AZEM MUJA,M,116,Lëvizja për Bashkëveprim,LpB,26
AZIZA RAMIĆ,F,124,Romani Iniciyativa,RI,192
AZMIR MIFTARI,M,133,Naša Inicijativa,NAŠA,218
AZRA ODŽINI,F,133,Naša Inicijativa,NAŠA,108
BAHRIM ŠABANI,M,113,Koalicija VAKAT,VAKAT,2234
BAHTIR KASTRATI,M,132,Lidhja Demokratike e Kosovës,LDK,879
BAHTIR KELMENDI,M,136,Partia Liberale Egjiptiane,PLE,9
BAJRAM BAJRAMI,M,116,Lëvizja për Bashkëveprim,LpB,369
BAJRAM KASTRATI,M,135,Aleanca për Ardhmërinë e Kosovës,AAK,1993
BAJRAM SEJDIU,M,130,Partia e Ashkalinjëve për Integrim,PAI,146
BAJRAM TAHIRI,M,121,Nisma Socialdemokrate,NISMA,585
BAJRAM TUTAJ,M,128,Partia Demokratike e Ashkanlive të Kosovës,PDAK,134
BAJRAM ZEKA,M,111,Iniciativa e Re Demokratike e Kosovës,IRDK,73
BAJRAMSHA SHALA,F,128,Partia Demokratike e Ashkanlive të Kosovës,PDAK,31
BAJRUSH XHEMAILI,M,134,Partia Demokratike e Kosovës,PDK,7670
BAKI FETA,M,135,Aleanca për Ardhmërinë e Kosovës,AAK,851
BANUSH KICAJ,M,121,Nisma Socialdemokrate,NISMA,304
BASHKIM KRASNIQI,M,128,Partia Demokratike e Ashkanlive të Kosovës,PDAK,34
BASHKIM KRASNIQI,M,136,Partia Liberale Egjiptiane,PLE,861
BEAN HADŽIASAN,M,113,Koalicija VAKAT,VAKAT,581
BEDIHA VRŞEVCI,F,114,Yenilikçi Türk Hareket Partisi,YTHP,325
BEDRI HAMZA,M,134,Partia Demokratike e Kosovës,PDK,23976
BEDRI MUHADRI,M,121,Nisma Socialdemokrate,NISMA,417
BEGISHE BERISHA,F,121,Nisma Socialdemokrate,NISMA,419
BEHGJET PACOLLI,M,132,Lidhja Demokratike e Kosovës,LDK,11645
BEKË BERISHA,M,135,Aleanca për Ardhmërinë e Kosovës,AAK,7629
BEKIM ARIFI,M,130,Partia e Ashkalinjëve për Integrim,PAI,974
BEKIM BRESTOVCI,M,121,Nisma Socialdemokrate,NISMA,2753
BEKIM HAXHIU,M,134,Partia Demokratike e Kosovës,PDK,10145
BEKIM KOXHA,M,121,Nisma Socialdemokrate,NISMA,472
BEKIM RRAHMANI,M,121,Nisma Socialdemokrate,NISMA,32
BEKIM SHABANI,M,128,Partia Demokratike e Ashkanlive të Kosovës,PDAK,156
BEKIM ZABËRGJA,M,121,Nisma Socialdemokrate,NISMA,352
BELDIN ŠASIVARI,M,113,Koalicija VAKAT,VAKAT,350
BELMIN EJUPAGIĆ,M,125,Socialdemokratska Unija,SDU,265
BENAND QORRI,M,111,Iniciativa e Re Demokratike e Kosovës,IRDK,69
BENJAMIN AJDARI,M,111,Iniciativa e Re Demokratike e Kosovës,IRDK,121
BEQIR BEQIRI,M,128,Partia Demokratike e Ashkanlive të Kosovës,PDAK,99
BEQIR KIQINA,M,135,Aleanca për Ardhmërinë e Kosovës,AAK,659
BEQIR VELIU,M,121,Nisma Socialdemokrate,NISMA,433
BERAT DAJAKU,M,138,FJALA,FJALA,388
BERAT DURAKU,M,135,Aleanca për Ardhmërinë e Kosovës,AAK,3630
BERAT MALOKU,M,112,Kosova Demokratik Türk Partisi,KDTP,256
BERNARDA RADONCIC,F,127,Lëvizja VETËVENDOSJE!,LV,3390
BESA BUÇINCA,F,134,Partia Demokratike e Kosovës,PDK,1371
BESA GAXHERRI,F,132,Lidhja Demokratike e Kosovës,LDK,5304
BESA ISMAILI AHMETI,F,134,Partia Demokratike e Kosovës,PDK,4926
BESART DRESHAJ,M,132,Lidhja Demokratike e Kosovës,LDK,3819
BESART JASHARI,M,128,Partia Demokratike e Ashkanlive të Kosovës,PDAK,608
BESART SHABANAJ,M,128,Partia Demokratike e Ashkanlive të Kosovës,PDAK,116
BESARTA HOTI,F,111,Iniciativa e Re Demokratike e Kosovës,IRDK,26
BESARTA KRASNIQI ASLLANI,F,121,Nisma Socialdemokrate,NISMA,381
BESIAN MUSTAFA,M,132,Lidhja Demokratike e Kosovës,LDK,9745
BESIM HALIMI,M,134,Partia Demokratike e Kosovës,PDK,2132
BESIM MUZAQI,M,127,Lëvizja VETËVENDOSJE!,LV,8211
BEŠIR RAMA,M,133,Naša Inicijativa,NAŠA,239
BESNIK KRASNIQI,M,135,Aleanca për Ardhmërinë e Kosovës,AAK,2348
BESNIK SHALA,M,135,Aleanca për Ardhmërinë e Kosovës,AAK,707
BESNIK TAHIRI,M,135,Aleanca për Ardhmërinë e Kosovës,AAK,7816
BESNIK ZEQIRAJ,M,127,Lëvizja VETËVENDOSJE!,LV,4556
BETIM ELEZAJ,M,134,Partia Demokratike e Kosovës,PDK,1255
BEXHET KUÇI,M,135,Aleanca për Ardhmërinë e Kosovës,AAK,3464
BEXHET XHELADINI,M,132,Lidhja Demokratike e Kosovës,LDK,2658
BILALL SHERIFI,M,121,Nisma Socialdemokrate,NISMA,2868
BILJANA MAKSIĆ,F,119,Srpska Lista,SL,628
BJONDINA KLEQKA,F,135,Aleanca për Ardhmërinë e Kosovës,AAK,2244
BLENDONA RADI,F,136,Partia Liberale Egjiptiane,PLE,198
BLERIM GASHANI,M,127,Lëvizja VETËVENDOSJE!,LV,2976
BLERIM IBRAHIMI,M,128,Partia Demokratike e Ashkanlive të Kosovës,PDAK,541
BLERIM KAJTAZI,M,138,FJALA,FJALA,167
BLERIM MEHOLLI,M,135,Aleanca për Ardhmërinë e Kosovës,AAK,346
BLERIM META,M,136,Partia Liberale Egjiptiane,PLE,53
BLERIM REXHBOGAJ,M,132,Lidhja Demokratike e Kosovës,LDK,2208
BLERTA DELIU KODRA,F,134,Partia Demokratike e Kosovës,PDK,9298
BLERTA MUSLIU,F,125,Socialdemokratska Unija,SDU,35
BRAHIM MEHMETAJ,M,135,Aleanca për Ardhmërinë e Kosovës,AAK,1972
BRAHIM SELIMAJ,M,132,Lidhja Demokratike e Kosovës,LDK,4194
BRANISLAV NIKOLIĆ,M,119,Srpska Lista,SL,14499
BRIKENDA KRYEZIU,F,132,Lidhja Demokratike e Kosovës,LDK,1084
BUJAR CAKOLLI,M,134,Partia Demokratike e Kosovës,PDK,4127
BUJAR KUKLECI,M,134,Partia Demokratike e Kosovës,PDK,946
BULËZA KUÇI,F,132,Lidhja Demokratike e Kosovës,LDK,1641
BURBUQE BAKIJA DEVA DEVA,F,135,Aleanca për Ardhmërinë e Kosovës,AAK,2178
BURIM KARAMETA,M,127,Lëvizja VETËVENDOSJE!,LV,7758
BUYAR MORİNA,M,114,Yenilikçi Türk Hareket Partisi,YTHP,525
BYLENT KERA,M,114,Yenilikçi Türk Hareket Partisi,YTHP,134
ĆEMAILJ SMAILJI,M,131,Nova Demokratska Stranka,NDS,127
ÇENAN KERA,M,112,Kosova Demokratik Türk Partisi,KDTP,511
CENGİZ ÇESKO,M,112,Kosova Demokratik Türk Partisi,KDTP,1354
ĆERIM BAJRAMI,M,113,Koalicija VAKAT,VAKAT,1267
ÇERKIN DUKOLLI,M,121,Nisma Socialdemokrate,NISMA,2635
CVETKO VELJKOVIĆ,M,115,Gi Za Slobodu Pravdu i Opstanak,GI SPO,903
DALILA BAHTIJAREVIĆ,F,131,Nova Demokratska Stranka,NDS,174
DAMIR HALJILJI,M,122,Koalicija Zajeno,KZ,62
DANUSH ADEMI,M,128,Partia Demokratike e Ashkanlive të Kosovës,PDAK,1351
DARDAN ISLAMI,M,135,Aleanca për Ardhmërinë e Kosovës,AAK,750
DAUT HARADINAJ,M,135,Aleanca për Ardhmërinë e Kosovës,AAK,13769
DAVUT KAZAZ,M,114,Yenilikçi Türk Hareket Partisi,YTHP,336
DEFRIM GASHI,M,132,Lidhja Demokratike e Kosovës,LDK,2513
DEMË QUNI,M,136,Partia Liberale Egjiptiane,PLE,25
DENIS ĆEMAN,M,125,Socialdemokratska Unija,SDU,396
DENIS HALILAJ,M,111,Iniciativa e Re Demokratike e Kosovës,IRDK,76
DIANA KRYEZIU,F,135,Aleanca për Ardhmërinë e Kosovës,AAK,997
DIANA SHEHU DEVAJA,F,134,Partia Demokratike e Kosovës,PDK,1090
DIAR GUXHOLLI,M,128,Partia Demokratike e Ashkanlive të Kosovës,PDAK,198
DIELLZA KUKAJ,F,135,Aleanca për Ardhmërinë e Kosovës,AAK,2562
DIELLZA REXHEPI,F,135,Aleanca për Ardhmërinë e Kosovës,AAK,97
DIJANA SEFA,F,136,Partia Liberale Egjiptiane,PLE,84
DIMAL BASHA,M,127,Lëvizja VETËVENDOSJE!,LV,10220
DOARSA KICA XHELILI,F,127,Lëvizja VETËVENDOSJE!,LV,10609
DONIKA GËRVALLA-SCHWARZ,F,127,Lëvizja VETËVENDOSJE!,LV,71722
DONJET BISLIMI,M,134,Partia Demokratike e Kosovës,PDK,7698
DONJETA BYTYQI,F,134,Partia Demokratike e Kosovës,PDK,4065
DONJETË SHIJAKU,F,135,Aleanca për Ardhmërinë e Kosovës,AAK,735
DORUNTINË MALOKU- KASTRATI,F,132,Lidhja Demokratike e Kosovës,LDK,3522
DRAGANA ANTONIJEVIĆ,F,119,Srpska Lista,SL,6919
DRENUSHA ZEKA,F,132,Lidhja Demokratike e Kosovës,LDK,503
DRINOR ELSHANI,M,136,Partia Liberale Egjiptiane,PLE,7
DRITA MILLAKU,F,127,Lëvizja VETËVENDOSJE!,LV,14686
DRITON ADEMI,M,121,Nisma Socialdemokrate,NISMA,363
DRITON HAFIZALLAR,M,130,Partia e Ashkalinjëve për Integrim,PAI,78
DRITON HYSENI,M,127,Lëvizja VETËVENDOSJE!,LV,9167
DRITON JAKUPI,M,135,Aleanca për Ardhmërinë e Kosovës,AAK,429
DRITON SELMANAJ,M,132,Lidhja Demokratike e Kosovës,LDK,8818
DUDA BALJE,F,125,Socialdemokratska Unija,SDU,2199
DŽENETA SALAJI,F,113,Koalicija VAKAT,VAKAT,248
DŽENGIS SALIJI,M,125,Socialdemokratska Unija,SDU,330
DŽENISA ASLANI,F,133,Naša Inicijativa,NAŠA,30
DŽENITA GROŠA,F,125,Socialdemokratska Unija,SDU,149
DŽENITA ŠABANI,F,131,Nova Demokratska Stranka,NDS,67
EBRU BAJRAKTARI,F,122,Koalicija Zajeno,KZ,125
EDIN AGOVIĆ,M,131,Nova Demokratska Stranka,NDS,156
EDIN ESATI,M,137,Jedinstvena Goranska Partija,JGP,58
EDIN KURT,M,137,Jedinstvena Goranska Partija,JGP,194
EDINA ÇOLLAKOVIQ,F,131,Nova Demokratska Stranka,NDS,37
EDINA DILJI,F,125,Socialdemokratska Unija,SDU,150
EDINA LJIMANI,F,133,Naša Inicijativa,NAŠA,357
EDISON FETA,M,111,Iniciativa e Re Demokratike e Kosovës,IRDK,264
EDMOND PRUTHI,M,127,Lëvizja VETËVENDOSJE!,LV,1978
EDONA BICI,F,121,Nisma Socialdemokrate,NISMA,249
EDONA PODRIMJA,F,136,Partia Liberale Egjiptiane,PLE,223
EGZONA BIKLIQI,F,112,Kosova Demokratik Türk Partisi,KDTP,94
EGZONIT JAKUPI,M,130,Partia e Ashkalinjëve për Integrim,PAI,465
EKREM HYSENI,M,132,Lidhja Demokratike e Kosovës,LDK,8267
EKREM MUSTAFA,M,127,Lëvizja VETËVENDOSJE!,LV,6272
ELBASAN KAQAMAKI,M,121,Nisma Socialdemokrate,NISMA,532
ELBERT KRASNIQI,M,111,Iniciativa e Re Demokratike e Kosovës,IRDK,2310
ELDIS ABAZI,M,113,Koalicija VAKAT,VAKAT,1656
ELIZA HOXHA,F,134,Partia Demokratike e Kosovës,PDK,9989
ELLVIR FETAHI,M,131,Nova Demokratska Stranka,NDS,67
ELMA BAJRAMI,F,113,Koalicija VAKAT,VAKAT,372
ELMA ŠKRIJELJ,F,113,Koalicija VAKAT,VAKAT,131
ELMEDINA BAJRAMI,F,130,Partia e Ashkalinjëve për Integrim,PAI,139
ELMI REÇICA,M,134,Partia Demokratike e Kosovës,PDK,14484
ELSANA KULJIĆI,F,113,Koalicija VAKAT,VAKAT,136
ELVAN GALUSHI ELSHANI,F,130,Partia e Ashkalinjëve për Integrim,PAI,5
ELVIS ARAPI,M,123,Lëvizja Përparimtare e Romëve të Kosovës,LPRK,148
ELVIS KARADOLAMI,M,131,Nova Demokratska Stranka,NDS,292
ELZA BEĆIRI,F,137,Jedinstvena Goranska Partija,JGP,104
EMAN RRAHMANI,M,127,Lëvizja VETËVENDOSJE!,LV,16280
EMIL MAKSUTI,M,131,Nova Demokratska Stranka,NDS,241
EMIL MURSELJI,M,131,Nova Demokratska Stranka,NDS,121
EMILIJA REDŽEPI,F,131,Nova Demokratska Stranka,NDS,2090
EMINE BAJRAMI,F,117,Partia Rome e Bashkuar e Kosovës,PREBK,124
EMINE RAMAJ,F,136,Partia Liberale Egjiptiane,PLE,78
EMRAN ADIQI,M,130,Partia e Ashkalinjëve për Integrim,PAI,88
ENERA IBRAHIMI,F,131,Nova Demokratska Stranka,NDS,102
ENES GORAN,M,137,Jedinstvena Goranska Partija,JGP,261
ENİS KERVAN,M,112,Kosova Demokratik Türk Partisi,KDTP,2014
ENIS SULEJMANOVIĆ,M,125,Socialdemokratska Unija,SDU,667
ENISA KRYEZI,F,111,Iniciativa e Re Demokratike e Kosovës,IRDK,84
ENSAR RIFATI,M,137,Jedinstvena Goranska Partija,JGP,66
ENSAR TOPOYANİ,M,114,Yenilikçi Türk Hareket Partisi,YTHP,484
ENVER ARIFI,M,128,Partia Demokratike e Ashkanlive të Kosovës,PDAK,13
ENVER DUGOLLI,M,127,Lëvizja VETËVENDOSJE!,LV,6132
ENVER HALITI,M,127,Lëvizja VETËVENDOSJE!,LV,7492
ENVER HOTI,M,121,Nisma Socialdemokrate,NISMA,3465
ENVER HOXHAJ,M,134,Partia Demokratike e Kosovës,PDK,100468
ENVER SOPJANI,M,121,Nisma Socialdemokrate,NISMA,1262
ERBLINA TAHIRAJ,F,135,Aleanca për Ardhmërinë e Kosovës,AAK,3216
ERGIN BUNJAKU,M,112,Kosova Demokratik Türk Partisi,KDTP,392
ERGJAN MEHMETI,M,128,Partia Demokratike e Ashkanlive të Kosovës,PDAK,51
ERHAN KRYEZIU,M,136,Partia Liberale Egjiptiane,PLE,67
ERMINA MALIQI,F,116,Lëvizja për Bashkëveprim,LpB,46
ERMIRA RATKOCERI,F,135,Aleanca për Ardhmërinë e Kosovës,AAK,913
ERNIM QERIMI,M,116,Lëvizja për Bashkëveprim,LpB,25
EROLL ZEKERIJA,M,112,Kosova Demokratik Türk Partisi,KDTP,338
ERTAN REDŽOVIĆ,M,129,Ujedinjena Zajednica - Adrijana Hodžić,UZ-AH,1126
ERTAN SİMİTÇİ,M,114,Yenilikçi Türk Hareket Partisi,YTHP,865
ERXHAN GALUSHI,M,123,Lëvizja Përparimtare e Romëve të Kosovës,LPRK,711
ERXHAN MUHARREMI,M,138,FJALA,FJALA,70
ERZEN VALA,M,135,Aleanca për Ardhmërinë e Kosovës,AAK,626
ESADA REDŽEPI,F,118,Srpski Demokratski Savez,SDS,117
ESMIR KASI,M,133,Naša Inicijativa,NAŠA,987
EVGJENI THAÇI DRAGUSHA,F,134,Partia Demokratike e Kosovës,PDK,6383
FADIL BEKA,M,134,Partia Demokratike e Kosovës,PDK,6584
FADIL GASHI,M,124,Romani Iniciyativa,RI,1246
FADIL GASHI,M,132,Lidhja Demokratike e Kosovës,LDK,2450
FADIL HALILI,M,132,Lidhja Demokratike e Kosovës,LDK,2297
FADIL NURA,M,134,Partia Demokratike e Kosovës,PDK,9270
FADIL OSMANI,M,121,Nisma Socialdemokrate,NISMA,589
FAHREDIN SPAHIJA,M,132,Lidhja Demokratike e Kosovës,LDK,1736
FAIK TOFAJ,M,135,Aleanca për Ardhmërinë e Kosovës,AAK,1035
FARUK ALIJAJ,M,136,Partia Liberale Egjiptiane,PLE,123
FARUK BAJRAMI,M,131,Nova Demokratska Stranka,NDS,100
FARUK NEZIRI,M,111,Iniciativa e Re Demokratike e Kosovës,IRDK,113
FARUK NURA,M,135,Aleanca për Ardhmërinë e Kosovës,AAK,552
FATBARDHA EMINI HALABAKU,F,132,Lidhja Demokratike e Kosovës,LDK,3941
FATIME JASIQI,F,121,Nisma Socialdemokrate,NISMA,198
FATIME LIKA,F,135,Aleanca për Ardhmërinë e Kosovës,AAK,636
FATIME LLUKACI,F,136,Partia Liberale Egjiptiane,PLE,163
FATIME OSMANI,F,130,Partia e Ashkalinjëve për Integrim,PAI,4
FATIR BERZATI,M,122,Koalicija Zajeno,KZ,112
FATLINDA RADI,F,111,Iniciativa e Re Demokratike e Kosovës,IRDK,166
FATLUME JAHA,F,132,Lidhja Demokratike e Kosovës,LDK,4583
FATMIR BËRBATOVCI,M,135,Aleanca për Ardhmërinë e Kosovës,AAK,1702
FATMIR DUGOLLI,M,134,Partia Demokratike e Kosovës,PDK,2404
FATMIR GASHI,M,135,Aleanca për Ardhmërinë e Kosovës,AAK,758
FATMIR HASANI,M,128,Partia Demokratike e Ashkanlive të Kosovës,PDAK,97
FATMIR HUMOLLI,M,127,Lëvizja VETËVENDOSJE!,LV,10426
FATMIR ISKA,M,135,Aleanca për Ardhmërinë e Kosovës,AAK,2691
FATMIR KRYEZIU,M,111,Iniciativa e Re Demokratike e Kosovës,IRDK,65
FATMIR LIMAJ,M,121,Nisma Socialdemokrate,NISMA,17703
FATMIRE HASANI,F,128,Partia Demokratike e Ashkanlive të Kosovës,PDAK,14
FATMIRE KOLLÇAKU,F,127,Lëvizja VETËVENDOSJE!,LV,9789
FATON ABDULLAHU,M,134,Partia Demokratike e Kosovës,PDK,6196
FATON BEKA,M,128,Partia Demokratike e Ashkanlive të Kosovës,PDAK,39
FATON BISLIMI,M,132,Lidhja Demokratike e Kosovës,LDK,7287
FATON JAKUPI,M,135,Aleanca për Ardhmërinë e Kosovës,AAK,1887
FATON MAROLLI,M,128,Partia Demokratike e Ashkanlive të Kosovës,PDAK,189
FATON PECI,M,127,Lëvizja VETËVENDOSJE!,LV,25284
FATON THAÇI,M,121,Nisma Socialdemokrate,NISMA,2445
FATOS BERISHA,M,135,Aleanca për Ardhmërinë e Kosovës,AAK,2931
FAZLI HOXHA,M,121,Nisma Socialdemokrate,NISMA,496
FAZLI STOLLAJ,M,111,Iniciativa e Re Demokratike e Kosovës,IRDK,869
FEHIM SALI,M,122,Koalicija Zajeno,KZ,125
FEHMI CENA,M,132,Lidhja Demokratike e Kosovës,LDK,1714
FEHMI HYSENAJ,M,121,Nisma Socialdemokrate,NISMA,536
FEIM SALIHU,M,132,Lidhja Demokratike e Kosovës,LDK,3238
FEJSAL HALILOVIC,M,137,Jedinstvena Goranska Partija,JGP,307
FERAT SHALA,M,134,Partia Demokratike e Kosovës,PDK,14206
FERDI REDŽEPI,M,133,Naša Inicijativa,NAŠA,292
FERIZ SHALA,M,135,Aleanca për Ardhmërinë e Kosovës,AAK,471
FETAH RUDI,M,132,Lidhja Demokratike e Kosovës,LDK,3855
FIDAN ALIJAJ,M,111,Iniciativa e Re Demokratike e Kosovës,IRDK,139
FİDAN JILTA,F,112,Kosova Demokratik Türk Partisi,KDTP,2515
FIDAN REKALIU,M,132,Lidhja Demokratike e Kosovës,LDK,3374
FİKRET MORİNA,M,112,Kosova Demokratik Türk Partisi,KDTP,1801
FIKRETA RADONČIĆ,F,125,Socialdemokratska Unija,SDU,644
FİKRİM DAMKA,M,112,Kosova Demokratik Türk Partisi,KDTP,3783
FIKRIM SAITI,M,131,Nova Demokratska Stranka,NDS,164
FILLORETA BERISHA,F,132,Lidhja Demokratike e Kosovës,LDK,3051
FITIM BERISHA,M,121,Nisma Socialdemokrate,NISMA,60
FITIM HAVOLLI,M,132,Lidhja Demokratike e Kosovës,LDK,1973
FITIM HAZIRI,M,127,Lëvizja VETËVENDOSJE!,LV,15960
FITIM SELIMI,M,134,Partia Demokratike e Kosovës,PDK,4368
FITIM UKA,M,127,Lëvizja VETËVENDOSJE!,LV,12178
FITORE PACOLLI DALIPI,F,127,Lëvizja VETËVENDOSJE!,LV,8797
FITORE RUSHITI,F,121,Nisma Socialdemokrate,NISMA,254
FJOLLA UJKANI,F,127,Lëvizja VETËVENDOSJE!,LV,11368
FLAMUR BYTYQI,M,138,FJALA,FJALA,45
FLAMUR GODENI,M,121,Nisma Socialdemokrate,NISMA,164
FLAMUR SEFAJ,M,132,Lidhja Demokratike e Kosovës,LDK,3635
FLORA BAJRAMI,F,116,Lëvizja për Bashkëveprim,LpB,44
FLORENT RUFATI,M,135,Aleanca për Ardhmërinë e Kosovës,AAK,287
FLORENT UKAJ,M,132,Lidhja Demokratike e Kosovës,LDK,6613
FLORENTINA GJERGJAJ,F,135,Aleanca për Ardhmërinë e Kosovës,AAK,4317
FLORENTINA MORINAJ,F,136,Partia Liberale Egjiptiane,PLE,18
FLORETË ZEJNULLAHU,F,134,Partia Demokratike e Kosovës,PDK,6472
FLORIAN DUSHI,M,132,Lidhja Demokratike e Kosovës,LDK,3014
FLORIANA LEKU SADIKU,F,135,Aleanca për Ardhmërinë e Kosovës,AAK,586
FLORIDA BAJRAKTARI,F,134,Partia Demokratike e Kosovës,PDK,2384
FLORIDA KADRIU,F,121,Nisma Socialdemokrate,NISMA,89
FLORIM BAJRAMI,M,130,Partia e Ashkalinjëve për Integrim,PAI,182
FLORIM ISUFI,M,120,Partia Balliste,PB,55
FLORIM KRYEZIU,M,134,Partia Demokratike e Kosovës,PDK,3498
FLUTURA BEKA KAMBERAJ,F,132,Lidhja Demokratike e Kosovës,LDK,2281
FLUTURA HOTI,F,134,Partia Demokratike e Kosovës,PDK,1245
FRASHËR BRAHIMAJ,M,135,Aleanca për Ardhmërinë e Kosovës,AAK,971
FRASHER DEMAJ,M,132,Lidhja Demokratike e Kosovës,LDK,4472
FRIDON LALA,M,111,Iniciativa e Re Demokratike e Kosovës,IRDK,1098
FURKAN ERGÜLER,M,112,Kosova Demokratik Türk Partisi,KDTP,959
GAMZE TROSHUPA,F,114,Yenilikçi Türk Hareket Partisi,YTHP,383
GANI ELSHANI,M,130,Partia e Ashkalinjëve për Integrim,PAI,174
GANI KRASNIQI,M,127,Lëvizja VETËVENDOSJE!,LV,14274
GANI NEZIRI,M,134,Partia Demokratike e Kosovës,PDK,4161
GANIMETE ISMAJLI,F,132,Lidhja Demokratike e Kosovës,LDK,1575
GANIMETE MUSLIU,F,134,Partia Demokratike e Kosovës,PDK,9847
GARIP SAHITI,M,134,Partia Demokratike e Kosovës,PDK,1016
GAZMEN SALIJEVIĆ,M,124,Romani Iniciyativa,RI,176
GAZMEND BYTYÇI,M,134,Partia Demokratike e Kosovës,PDK,6416
GAZMEND GJYSHINCA,M,127,Lëvizja VETËVENDOSJE!,LV,16049
GAZMEND SYLA,M,135,Aleanca për Ardhmërinë e Kosovës,AAK,5443
GEGË LLESHI,M,127,Lëvizja VETËVENDOSJE!,LV,3205
GENTIANA ISUFI,F,136,Partia Liberale Egjiptiane,PLE,24
GËZIM DERVISHAJ,M,135,Aleanca për Ardhmërinë e Kosovës,AAK,1498
GËZIM GASHI,M,128,Partia Demokratike e Ashkanlive të Kosovës,PDAK,86
GËZIM KELMENDI,M,138,FJALA,FJALA,933
GËZIM KRASNIQI,M,134,Partia Demokratike e Kosovës,PDK,4119
GJEJLANË ÇUKIQ,F,123,Lëvizja Përparimtare e Romëve të Kosovës,LPRK,124
GJYZEL SHALIJANI,F,117,Partia Rome e Bashkuar e Kosovës,PREBK,161
GLAUK KONJUFCA,M,127,Lëvizja VETËVENDOSJE!,LV,200646
GONE SINANAJ,F,130,Partia e Ashkalinjëve për Integrim,PAI,26
GRAMOS AGUSHOLLI,M,127,Lëvizja VETËVENDOSJE!,LV,6740
GRESA BYTYQI KELMENDI,F,127,Lëvizja VETËVENDOSJE!,LV,5334
GRESA POZHEGU,F,135,Aleanca për Ardhmërinë e Kosovës,AAK,1198
GRESË BARALIU,F,134,Partia Demokratike e Kosovës,PDK,2392
GRETA DACI,F,135,Aleanca për Ardhmërinë e Kosovës,AAK,891
GYLSHEN CACA,F,117,Partia Rome e Bashkuar e Kosovës,PREBK,85
GYLSHEN LLAPASHTİCA,F,114,Yenilikçi Türk Hareket Partisi,YTHP,113
GYLXHAN QUKANI,F,128,Partia Demokratike e Ashkanlive të Kosovës,PDAK,8
GYNER VESHALL,M,123,Lëvizja Përparimtare e Romëve të Kosovës,LPRK,174
HABIB GASHI,M,130,Partia e Ashkalinjëve për Integrim,PAI,59
HABIB HAJDINI,M,117,Partia Rome e Bashkuar e Kosovës,PREBK,75
HAFIZE HAJDINI,F,128,Partia Demokratike e Ashkanlive të Kosovës,PDAK,473
HAJDAR BEQA,M,134,Partia Demokratike e Kosovës,PDK,9828
HAJDAR SUTAJ,M,135,Aleanca për Ardhmërinë e Kosovës,AAK,5417
HAJDIN BERISHA,M,121,Nisma Socialdemokrate,NISMA,2554
HAJREDIN BERISHA,M,135,Aleanca për Ardhmërinë e Kosovës,AAK,682
HAJRIJE SAHITI HAJRAJ,F,138,FJALA,FJALA,108
HAJRUDIN HODŽA,M,122,Koalicija Zajeno,KZ,129
HAJRULLA ÇEKO,M,127,Lëvizja VETËVENDOSJE!,LV,17674
HAKI ABAZI,M,127,Lëvizja VETËVENDOSJE!,LV,7587
HAKI ABAZI,M,136,Partia Liberale Egjiptiane,PLE,35
HAKI MORINA,M,134,Partia Demokratike e Kosovës,PDK,4193
HAKİ RAŞTANA,M,112,Kosova Demokratik Türk Partisi,KDTP,486
HALDIS IDRIZI,M,125,Socialdemokratska Unija,SDU,140
HALIL HALILI,M,128,Partia Demokratike e Ashkanlive të Kosovës,PDAK,60
HALIL THAÇI,M,127,Lëvizja VETËVENDOSJE!,LV,5921
HAMDI BYTYÇI,M,135,Aleanca për Ardhmërinë e Kosovës,AAK,4025
HAMIDA ŠEMSOVIĆ,F,129,Ujedinjena Zajednica - Adrijana Hodžić,UZ-AH,22
HAMIDE KRASNIQI,F,121,Nisma Socialdemokrate,NISMA,308
HANA HOXHA,F,138,FJALA,FJALA,446
HANIFE TEPEKU,F,116,Lëvizja për Bashkëveprim,LpB,12
HARIS MURATI,M,125,Socialdemokratska Unija,SDU,147
HASAN QYQALLA,M,132,Lidhja Demokratike e Kosovës,LDK,599
HASIM HASANI,M,128,Partia Demokratike e Ashkanlive të Kosovës,PDAK,54
HASIM SHTËRBANI,M,138,FJALA,FJALA,559
HATIM BAXHAKU,M,132,Lidhja Demokratike e Kosovës,LDK,3678
HATIXHE AVDO,F,123,Lëvizja Përparimtare e Romëve të Kosovës,LPRK,123
HATIXHE ĐORĐEVIĆ,F,124,Romani Iniciyativa,RI,138
HATIXHE HOXHA,F,127,Lëvizja VETËVENDOSJE!,LV,3003
HAVË FAZLIJAJ,F,136,Partia Liberale Egjiptiane,PLE,20
HAXHI AVDYLI,M,127,Lëvizja VETËVENDOSJE!,LV,26681
HAXHI PODRIMÇAKU,M,120,Partia Balliste,PB,51
HAXHI SEJDIU,M,135,Aleanca për Ardhmërinë e Kosovës,AAK,1829
HAXHI SHALA,M,135,Aleanca për Ardhmërinë e Kosovës,AAK,5017
HAZAR HUDUTI,M,125,Socialdemokratska Unija,SDU,259
HAZIZ NIMANI,M,116,Lëvizja për Bashkëveprim,LpB,97
HEKURAN MURATI,M,127,Lëvizja VETËVENDOSJE!,LV,41172
HESET SAHITI,M,121,Nisma Socialdemokrate,NISMA,685
HEVZI XHELILI,M,134,Partia Demokratike e Kosovës,PDK,1898
HIDAJETE KAJTAZI,F,138,FJALA,FJALA,52
HIMER KARADOLAMI,M,133,Naša Inicijativa,NAŠA,66
HISEN BERISHA,M,134,Partia Demokratike e Kosovës,PDK,9168
HUSEJIN MISLIMI,M,133,Naša Inicijativa,NAŠA,50
HYDAJET HYSENI KALOSHI,M,127,Lëvizja VETËVENDOSJE!,LV,6339
HYKMETE BAJRAMI,F,132,Lidhja Demokratike e Kosovës,LDK,12401
HYRIJE XHEMAJLAJ THAQI,F,134,Partia Demokratike e Kosovës,PDK,3768
HYSAMEDIN FERAJ,M,127,Lëvizja VETËVENDOSJE!,LV,5540
HYSEN DURMISHI,M,127,Lëvizja VETËVENDOSJE!,LV,5223
HYSNI AHMETI,M,121,Nisma Socialdemokrate,NISMA,269
HYSNI ÇAKMAKU,M,138,FJALA,FJALA,41
HYSNI ÇYLANGJI,M,123,Lëvizja Përparimtare e Romëve të Kosovës,LPRK,423
HYSNI FETAJ,M,136,Partia Liberale Egjiptiane,PLE,104
HYSNI GËRGURI,M,132,Lidhja Demokratike e Kosovës,LDK,2491
HYSNI HASANI,M,128,Partia Demokratike e Ashkanlive të Kosovës,PDAK,101
HYSNI MEHANI,M,127,Lëvizja VETËVENDOSJE!,LV,3664
HYSNIJE BERISHA,F,111,Iniciativa e Re Demokratike e Kosovës,IRDK,425
HYZER RIZANI,M,134,Partia Demokratike e Kosovës,PDK,5413
IBRAHIM CEKA,M,134,Partia Demokratike e Kosovës,PDK,4134
IBRAHIM KADRI,M,130,Partia e Ashkalinjëve për Integrim,PAI,127
IBRAHIM KRYEZIU,M,132,Lidhja Demokratike e Kosovës,LDK,2185
IBRAHIM MAKOLLI,M,132,Lidhja Demokratike e Kosovës,LDK,4315
IBRAHIM QERIMI,M,116,Lëvizja për Bashkëveprim,LpB,25
IBRAHIM SYLA,M,132,Lidhja Demokratike e Kosovës,LDK,755
IDRIZ BERISHA,M,130,Partia e Ashkalinjëve për Integrim,PAI,17
IGOR SIMIĆ,M,119,Srpska Lista,SL,19263
ILDA KRAMA,F,129,Ujedinjena Zajednica - Adrijana Hodžić,UZ-AH,37
ILHAN RAMA,M,131,Nova Demokratska Stranka,NDS,228
ILIR FERATI,M,132,Lidhja Demokratike e Kosovës,LDK,5924
ILIR HASANI,M,132,Lidhja Demokratike e Kosovës,LDK,1466
ILIR KAPITI,M,127,Lëvizja VETËVENDOSJE!,LV,4986
ILIR KOSOVA,M,111,Iniciativa e Re Demokratike e Kosovës,IRDK,93
ILIR KURTISHI,M,134,Partia Demokratike e Kosovës,PDK,7823
ILIR TAHIRI,M,134,Partia Demokratike e Kosovës,PDK,4224
ILKER CAN IBRAHIMI,M,114,Yenilikçi Türk Hareket Partisi,YTHP,130
ILMI TAHIRI,M,121,Nisma Socialdemokrate,NISMA,103
IMER ADEMOVIĆ,M,133,Naša Inicijativa,NAŠA,301
IMET RRAHMANI,M,132,Lidhja Demokratike e Kosovës,LDK,4699
IMRI ILAZI,M,134,Partia Demokratike e Kosovës,PDK,6756
IRMA ADROVIĆ,F,131,Nova Demokratska Stranka,NDS,130
ISA HAJDARI,M,134,Partia Demokratike e Kosovës,PDK,5497
ISA HAJRIZI,M,134,Partia Demokratike e Kosovës,PDK,3575
ISA MALA,M,136,Partia Liberale Egjiptiane,PLE,74
ISA MUSLIJI,M,121,Nisma Socialdemokrate,NISMA,750
ISA PODRIMAJ,M,132,Lidhja Demokratike e Kosovës,LDK,577
ISA SHABANI,M,132,Lidhja Demokratike e Kosovës,LDK,1205
ISAK ISENI,M,116,Lëvizja për Bashkëveprim,LpB,28
ISAK SHABANI,M,134,Partia Demokratike e Kosovës,PDK,8729
IŞIK KAJTAZI,F,112,Kosova Demokratik Türk Partisi,KDTP,382
ISLAM PACOLLI,M,132,Lidhja Demokratike e Kosovës,LDK,5042
ISMAIL KASUMI,M,132,Lidhja Demokratike e Kosovës,LDK,510
ISMET MJAKI,M,132,Lidhja Demokratike e Kosovës,LDK,1946
ISMET SHAMOLLI,M,135,Aleanca për Ardhmërinë e Kosovës,AAK,970
ISMET TUTAJ,M,116,Lëvizja për Bashkëveprim,LpB,33
ISUF BERISHA,M,136,Partia Liberale Egjiptiane,PLE,171
ISUF DUBOVA,M,130,Partia e Ashkalinjëve për Integrim,PAI,21
IVAN TODOSIJEVIĆ,M,119,Srpska Lista,SL,17980
IZET VELIJA,M,113,Koalicija VAKAT,VAKAT,723
IZJAIM HALITI,M,116,Lëvizja për Bashkëveprim,LpB,157
IZMIR FAZLJI,M,133,Naša Inicijativa,NAŠA,66
JAHJA KOKAJ,M,127,Lëvizja VETËVENDOSJE!,LV,6485
JASHAR GASHI,M,136,Partia Liberale Egjiptiane,PLE,538
JASMIN ELEZI,M,125,Socialdemokratska Unija,SDU,275
JASMINA DEDIĆ,F,119,Srpska Lista,SL,13793
JASMINA SAITI,F,133,Naša Inicijativa,NAŠA,65
JASMINA ZDRAVKOVIĆ,F,118,Srpski Demokratski Savez,SDS,116
JEHONA FERIZI MIFTARI,F,127,Lëvizja VETËVENDOSJE!,LV,2595
JEHONA RRAFSHI,F,121,Nisma Socialdemokrate,NISMA,1150
JEHONË MEHMETUKAJ,F,135,Aleanca për Ardhmërinë e Kosovës,AAK,1429
JENUZ BERISHA,M,121,Nisma Socialdemokrate,NISMA,116
JETA STATOVCI,F,127,Lëvizja VETËVENDOSJE!,LV,9408
JETLIR ZYBERAJ,M,132,Lidhja Demokratike e Kosovës,LDK,3567
JETMIRE SKERAJ,F,134,Partia Demokratike e Kosovës,PDK,1287
JETMIRE VRENEZI,F,127,Lëvizja VETËVENDOSJE!,LV,11346
JETON BIQKAJ,M,132,Lidhja Demokratike e Kosovës,LDK,2510
JETON EMINI,M,116,Lëvizja për Bashkëveprim,LpB,801
JETON JASHARI,M,117,Partia Rome e Bashkuar e Kosovës,PREBK,27
JETON LAJQI,M,127,Lëvizja VETËVENDOSJE!,LV,2751
JETON MEKOLLI,M,130,Partia e Ashkalinjëve për Integrim,PAI,89
JETON RRAHMANI,M,111,Iniciativa e Re Demokratike e Kosovës,IRDK,95
JOLLXHI SHALA,M,126,Kosovaki Nevi Romani Partia,KNRP,363
JONA ARIFI,F,134,Partia Demokratike e Kosovës,PDK,1944
JUSUF HODŽA,M,113,Koalicija VAKAT,VAKAT,517
KADIR HÜSEYIN,M,112,Kosova Demokratik Türk Partisi,KDTP,939
KADRI BALAJ,M,121,Nisma Socialdemokrate,NISMA,287
KADRI GËRVALLA,M,121,Nisma Socialdemokrate,NISMA,534
KADRI KRYEZIU,M,134,Partia Demokratike e Kosovës,PDK,3516
KADRI LIMANI,M,128,Partia Demokratike e Ashkanlive të Kosovës,PDAK,100
KAJTAZ GASHI,M,121,Nisma Socialdemokrate,NISMA,1111
KALTRINA MORINA,F,135,Aleanca për Ardhmërinë e Kosovës,AAK,769
KALTRINË DEMIRI,F,132,Lidhja Demokratike e Kosovës,LDK,3326
KASTRIOT BERISHA,M,135,Aleanca për Ardhmërinë e Kosovës,AAK,2108
KASTRIOT KRASNIQI,M,134,Partia Demokratike e Kosovës,PDK,4260
KASTRIOT SYLEJMANI,M,121,Nisma Socialdemokrate,NISMA,518
KENADA AVDIJI,F,121,Nisma Socialdemokrate,NISMA,158
KENDIZA LALA,F,117,Partia Rome e Bashkuar e Kosovës,PREBK,57
KIMETA BAJRAMI,F,113,Koalicija VAKAT,VAKAT,268
KOSOVARE MURSELI,F,134,Partia Demokratike e Kosovës,PDK,6004
KRESHNIK BEQIRI,M,111,Iniciativa e Re Demokratike e Kosovës,IRDK,117
KRISTINA GASHI BYTYÇI,F,134,Partia Demokratike e Kosovës,PDK,5625
KSENIJA BOŽOVIĆ,F,119,Srpska Lista,SL,870
KUJTIM GASHI,M,134,Partia Demokratike e Kosovës,PDK,8654
KUJTIM MUSTAFA,M,117,Partia Rome e Bashkuar e Kosovës,PREBK,30
KUJTIM SHALA,M,132,Lidhja Demokratike e Kosovës,LDK,32703
KURTAN KAJTAZI,M,134,Partia Demokratike e Kosovës,PDK,5703
KURTISH HALLABAKU,M,117,Partia Rome e Bashkuar e Kosovës,PREBK,119
LABINOTË DEMI-MURTEZI,F,127,Lëvizja VETËVENDOSJE!,LV,19982
LAHI BRAHIMAJ,M,135,Aleanca për Ardhmërinë e Kosovës,AAK,6288
LAVDIE GASHI,F,135,Aleanca për Ardhmërinë e Kosovës,AAK,1014
LAVDIM BAJRAMI,M,130,Partia e Ashkalinjëve për Integrim,PAI,122
LEART BATUSHA,M,121,Nisma Socialdemokrate,NISMA,566
LEJLA GASHI,F,121,Nisma Socialdemokrate,NISMA,336
LEJLA VESHALLI,F,117,Partia Rome e Bashkuar e Kosovës,PREBK,30
LEONARD LLOLLUNI,M,135,Aleanca për Ardhmërinë e Kosovës,AAK,1565
LEONORA SVARÇA,F,127,Lëvizja VETËVENDOSJE!,LV,4198
LEVENT BUŞ,M,112,Kosova Demokratik Türk Partisi,KDTP,1692
LIBURN ALIU,M,127,Lëvizja VETËVENDOSJE!,LV,22520
LIDON PAJAZITI,M,113,Koalicija VAKAT,VAKAT,870
LINDITA BELLAJA,F,132,Lidhja Demokratike e Kosovës,LDK,541
LIRI BERISHA,F,116,Lëvizja për Bashkëveprim,LpB,31
LIRI LOSHI,M,127,Lëvizja VETËVENDOSJE!,LV,3495
LIRIDONA MUSTAFA,F,128,Partia Demokratike e Ashkanlive të Kosovës,PDAK,16
LIRIJE KAJTAZI,F,132,Lidhja Demokratike e Kosovës,LDK,5446
LIRIJE PAQKOLLI,F,128,Partia Demokratike e Ashkanlive të Kosovës,PDAK,29
LJUBINKO KARADŽIĆ,M,119,Srpska Lista,SL,13808
LUAN ALIU,M,127,Lëvizja VETËVENDOSJE!,LV,9345
LULJETA SHABAJ,F,111,Iniciativa e Re Demokratike e Kosovës,IRDK,227
LULJETA VESELAJ GUTAJ,F,134,Partia Demokratike e Kosovës,PDK,4196
LULJETE BERISHA,F,135,Aleanca për Ardhmërinë e Kosovës,AAK,909
LULZIM ABAZI,M,134,Partia Demokratike e Kosovës,PDK,3170
LULZIM DERRI,M,136,Partia Liberale Egjiptiane,PLE,41
LULZIM MORINA,M,117,Partia Rome e Bashkuar e Kosovës,PREBK,29
LUMIR ABDIXHIKU,M,132,Lidhja Demokratike e Kosovës,LDK,25267
LUMNIJE MIKULLOVCI,F,127,Lëvizja VETËVENDOSJE!,LV,1410
LUMTURIJE BYTYQI HASANI,F,134,Partia Demokratike e Kosovës,PDK,2012
LUMTURIJE KURTISHAJ,F,121,Nisma Socialdemokrate,NISMA,1493
LUMTURIJE MORINA,F,126,Kosovaki Nevi Romani Partia,KNRP,166
LUTFI GASHI,M,121,Nisma Socialdemokrate,NISMA,206
MAHMUT MORINA,M,135,Aleanca për Ardhmërinë e Kosovës,AAK,2004
MAJDA ODŽINI,F,133,Naša Inicijativa,NAŠA,157
MAJLIND SADRIU,M,116,Lëvizja për Bashkëveprim,LpB,42
MAKSUT GASHI,M,117,Partia Rome e Bashkuar e Kosovës,PREBK,10
MALSORE ZOGU PODRIMÇAKU,F,120,Partia Balliste,PB,57
MANUSH SHAMOLLI,M,121,Nisma Socialdemokrate,NISMA,1128
MARIGONA GECI,F,132,Lidhja Demokratike e Kosovës,LDK,6672
MARIGONE KERELLAJ,F,136,Partia Liberale Egjiptiane,PLE,35
MARQE SELMANAJ,F,135,Aleanca për Ardhmërinë e Kosovës,AAK,2210
MEDINA MAJIQI,F,128,Partia Demokratike e Ashkanlive të Kosovës,PDAK,17
MEFAIL BAJQINOVCI,M,127,Lëvizja VETËVENDOSJE!,LV,18794
MEHDI THAQI,M,121,Nisma Socialdemokrate,NISMA,764
MEJREME BERISHA,F,130,Partia e Ashkalinjëve për Integrim,PAI,7
MELIS SHAMLI,F,112,Kosova Demokratik Türk Partisi,KDTP,280
MELISA AZIZOVIĆ,F,131,Nova Demokratska Stranka,NDS,415
MELISA SHABANAJ,F,128,Partia Demokratike e Ashkanlive të Kosovës,PDAK,122
MELIZA HARADINAJ STUBLLA,F,135,Aleanca për Ardhmërinë e Kosovës,AAK,4347
MEMED VELIJI,M,131,Nova Demokratska Stranka,NDS,224
MEMIŠ BIRDAINI,M,113,Koalicija VAKAT,VAKAT,527
MEMLI KRASNIQI,M,134,Partia Demokratike e Kosovës,PDK,15912
MENDUH ABAZI,M,134,Partia Demokratike e Kosovës,PDK,4571
MENSUR GASHI,M,131,Nova Demokratska Stranka,NDS,107
MENSUR SELIMAJ,M,135,Aleanca për Ardhmërinë e Kosovës,AAK,2773
MENTOR ARIFAJ,M,127,Lëvizja VETËVENDOSJE!,LV,4129
MENTOR JAHJA,M,116,Lëvizja për Bashkëveprim,LpB,111
MENTOR TËRSHNJAKU,M,121,Nisma Socialdemokrate,NISMA,468
MERAL AYGÜN,F,112,Kosova Demokratik Türk Partisi,KDTP,613
MERDŽAN OSMANI,M,131,Nova Demokratska Stranka,NDS,529
MERGIM LUSHTAKU,M,134,Partia Demokratike e Kosovës,PDK,16295
MERHUNISA BRENOLI,F,113,Koalicija VAKAT,VAKAT,295
MERITA BEQIRI,F,116,Lëvizja për Bashkëveprim,LpB,15
MERITA DERVISHI,F,121,Nisma Socialdemokrate,NISMA,466
MERSIHA ADROVIĆ,F,113,Koalicija VAKAT,VAKAT,517
MERSIN KAZAZI,M,112,Kosova Demokratik Türk Partisi,KDTP,444
MERVAN REXHEPI,M,121,Nisma Socialdemokrate,NISMA,457
MERVE MORİNA,F,114,Yenilikçi Türk Hareket Partisi,YTHP,339
MEVLUDIN KRASNIQI,M,121,Nisma Socialdemokrate,NISMA,1989
MEVLUDIN MAZREKU,M,134,Partia Demokratike e Kosovës,PDK,2516
MEXHIDE MJAKU TOPALLI,F,134,Partia Demokratike e Kosovës,PDK,5544
MIHAILO ŠĆEPANOVIĆ,M,118,Srpski Demokratski Savez,SDS,120
MIHANE BEKTESHI,F,134,Partia Demokratike e Kosovës,PDK,3999
MILAIM JASHARI,M,117,Partia Rome e Bashkuar e Kosovës,PREBK,15
MILAN DABIĆ,M,115,Gi Za Slobodu Pravdu i Opstanak,GI SPO,846
MILAN JOKSIMOVIĆ,M,119,Srpska Lista,SL,2334
MILAN KOSTIĆ,M,119,Srpska Lista,SL,6777
MILAZIM SALIJAJ,M,127,Lëvizja VETËVENDOSJE!,LV,8488
MILAZIM SHAKOLLI,M,128,Partia Demokratike e Ashkanlive të Kosovës,PDAK,134
MILAZIM SHALA,M,136,Partia Liberale Egjiptiane,PLE,10
MILJANA NIKOLIĆ,F,119,Srpska Lista,SL,18348
MILOŠ PEROVIĆ,M,119,Srpska Lista,SL,14390
MIMOZA KADRIU QERIMI,F,121,Nisma Socialdemokrate,NISMA,992
MIMOZA KUSARI LILA,F,127,Lëvizja VETËVENDOSJE!,LV,53618
MIMOZA SHAHINI,F,132,Lidhja Demokratike e Kosovës,LDK,2507
MIMOZA SHALA,F,127,Lëvizja VETËVENDOSJE!,LV,5004
MIRELA BEŠKOVIĆ,F,125,Socialdemokratska Unija,SDU,112
MIRJETA GASHI,F,138,FJALA,FJALA,45
MIRJETA PEÇANI,F,111,Iniciativa e Re Demokratike e Kosovës,IRDK,173
MIRLINDA HOTI,F,136,Partia Liberale Egjiptiane,PLE,111
MIRLINDA SADIKU,F,121,Nisma Socialdemokrate,NISMA,330
MIRLINDA SADIKU,F,127,Lëvizja VETËVENDOSJE!,LV,7985
MIRLINDA SELMANI,F,121,Nisma Socialdemokrate,NISMA,462
MIRLINDA SOPI KRASNIQI,F,132,Lidhja Demokratike e Kosovës,LDK,2765
MIRLINDË KIKAJ,F,136,Partia Liberale Egjiptiane,PLE,57
MIRSAD BERISHA,M,136,Partia Liberale Egjiptiane,PLE,454
MIRSAD MURATI,M,129,Ujedinjena Zajednica - Adrijana Hodžić,UZ-AH,258
MIRSAD SHKRETA,M,127,Lëvizja VETËVENDOSJE!,LV,7370
MIRSAD SYLEJMANI,M,132,Lidhja Demokratike e Kosovës,LDK,3608
MIRZA PEPIĆ,M,129,Ujedinjena Zajednica - Adrijana Hodžić,UZ-AH,103
MIRZET DŽOGOVIĆ,M,113,Koalicija VAKAT,VAKAT,519
MUAMER JAKUPI,M,138,FJALA,FJALA,80
MUAMERA DAZDAREVIĆ RADONČIĆ,F,129,Ujedinjena Zajednica - Adrijana Hodžić,UZ-AH,1365
MUFERA SRBICA ŞINIK,F,112,Kosova Demokratik Türk Partisi,KDTP,2010
MUHAMED HAZIRI,M,116,Lëvizja për Bashkëveprim,LpB,38
MUHAMET BALIU,M,128,Partia Demokratike e Ashkanlive të Kosovës,PDAK,24
MUHAMET GUBETINI,M,134,Partia Demokratike e Kosovës,PDK,3617
MUHAMET PAÇKOL,M,116,Lëvizja për Bashkëveprim,LpB,72
MUHAMET SHALAJ,M,121,Nisma Socialdemokrate,NISMA,475
MUHAREM DURMIĆ,M,129,Ujedinjena Zajednica - Adrijana Hodžić,UZ-AH,729
MUHAREM SVARQA,M,132,Lidhja Demokratike e Kosovës,LDK,3336
MUHARREM ASLLANI,M,111,Iniciativa e Re Demokratike e Kosovës,IRDK,518
MURAT ĆUFTA,M,137,Jedinstvena Goranska Partija,JGP,80
MURSEL GASHI,M,130,Partia e Ashkalinjëve për Integrim,PAI,43
MUSA DRAGAJ,M,135,Aleanca për Ardhmërinë e Kosovës,AAK,411
MUSA KRASNIQI,M,138,FJALA,FJALA,204
MUSA SINANAJ,M,130,Partia e Ashkalinjëve për Integrim,PAI,14
MUSLI GUCATI,M,134,Partia Demokratike e Kosovës,PDK,2730
MUSTAFA BERISHA,M,116,Lëvizja për Bashkëveprim,LpB,53
MUSTAFË HOXHA,M,121,Nisma Socialdemokrate,NISMA,307
MYBERA MUSTAFA,F,132,Lidhja Demokratike e Kosovës,LDK,1393
MYRVETE SALIHU,F,138,FJALA,FJALA,9
NAGJIJE GRADINA,F,124,Romani Iniciyativa,RI,351
NAİL PİNDUK,M,112,Kosova Demokratik Türk Partisi,KDTP,268
NAIM MUSLIU,M,134,Partia Demokratike e Kosovës,PDK,2315
NAIM RAMIZI,M,135,Aleanca për Ardhmërinë e Kosovës,AAK,853
NAIM REXHEPI,M,116,Lëvizja për Bashkëveprim,LpB,61
NASER BAJRAMI,M,116,Lëvizja për Bashkëveprim,LpB,8
NASER GASHI,M,121,Nisma Socialdemokrate,NISMA,823
NASER ITAJ,M,136,Partia Liberale Egjiptiane,PLE,45
NASIBE BAJRAMI,F,130,Partia e Ashkalinjëve për Integrim,PAI,229
NASUF BEJTA,M,127,Lëvizja VETËVENDOSJE!,LV,5763
NAXHIM KRAKAJ,M,116,Lëvizja për Bashkëveprim,LpB,447
NAZLIE ADEMI,F,128,Partia Demokratike e Ashkanlive të Kosovës,PDAK,15
NAZLIE BALA,F,127,Lëvizja VETËVENDOSJE!,LV,1936
NAZMI IBERDEMAJ,M,132,Lidhja Demokratike e Kosovës,LDK,1174
NAZMIJE RAMADANI,F,128,Partia Demokratike e Ashkanlive të Kosovës,PDAK,8
NDERIM SEJDIU,M,138,FJALA,FJALA,94
NEBAHATE KURTESHI,F,130,Partia e Ashkalinjëve për Integrim,PAI,3
NEDŽIP ŠEMSIDINI,M,122,Koalicija Zajeno,KZ,43
NEDŽMIDIN SEJDILAR,M,122,Koalicija Zajeno,KZ,195
NEGJMIJE SADIKU,F,135,Aleanca për Ardhmërinë e Kosovës,AAK,211
NEHAT ADEMI,M,121,Nisma Socialdemokrate,NISMA,392
NEIM SAHTIJARI,M,137,Jedinstvena Goranska Partija,JGP,65
NENAD RADENKOVIĆ,M,119,Srpska Lista,SL,1023
NERMIN MEMOVIĆ,M,129,Ujedinjena Zajednica - Adrijana Hodžić,UZ-AH,115
NERMINA ALITI HAMELI,F,131,Nova Demokratska Stranka,NDS,108
NEXHAT KURTI,M,124,Romani Iniciyativa,RI,191
NEXHIBE BAJRAMI,F,116,Lëvizja për Bashkëveprim,LpB,33
NEXHMEDIN SHABANAJ,M,130,Partia e Ashkalinjëve për Integrim,PAI,32
NEZIR ÇOÇAJ,M,134,Partia Demokratike e Kosovës,PDK,7919
NIHAD BAJRAMI,M,125,Socialdemokratska Unija,SDU,76
NIJAZI ISAKU,M,127,Lëvizja VETËVENDOSJE!,LV,13681
NIKOLL PERKOVIC,M,135,Aleanca për Ardhmërinë e Kosovës,AAK,308
NISTRET TATARI,M,128,Partia Demokratike e Ashkanlive të Kosovës,PDAK,169
NITA BAKALLI ISTREFI,F,127,Lëvizja VETËVENDOSJE!,LV,1715
NUHI BAJRAMI,M,130,Partia e Ashkalinjëve për Integrim,PAI,129
NUREDIN IBISHI,M,132,Lidhja Demokratike e Kosovës,LDK,3638
NURIJE BALIU,F,128,Partia Demokratike e Ashkanlive të Kosovës,PDAK,10
NURIJE SHALA,F,123,Lëvizja Përparimtare e Romëve të Kosovës,LPRK,95
NUSRET SALIJAJ,M,136,Partia Liberale Egjiptiane,PLE,89
NYSRET BERISHA,M,117,Partia Rome e Bashkuar e Kosovës,PREBK,32
ODA PODRIMÇAKU,F,120,Partia Balliste,PB,49
OLIVERA ZDRAVKOVIĆ,F,119,Srpska Lista,SL,1276
OMER DACIĆ,M,113,Koalicija VAKAT,VAKAT,214
ONUR CANHASİ,M,114,Yenilikçi Türk Hareket Partisi,YTHP,448
ONUR ŞEKERCİ,M,114,Yenilikçi Türk Hareket Partisi,YTHP,270
ORGES TAFILAJ,M,127,Lëvizja VETËVENDOSJE!,LV,3507
ORHAN GALUSH,M,126,Kosovaki Nevi Romani Partia,KNRP,285
ORHAN KURTESHI,M,124,Romani Iniciyativa,RI,233
OSMAN BERISHA,M,117,Partia Rome e Bashkuar e Kosovës,PREBK,106
OSMAN DŽUDŽEVIĆ,M,133,Naša Inicijativa,NAŠA,431
PAJAZIT PODRIMÇAKU,M,120,Partia Balliste,PB,81
PAJTIM DURMISHI,M,121,Nisma Socialdemokrate,NISMA,447
PAKIZE BUJANI,F,130,Partia e Ashkalinjëve për Integrim,PAI,322
PAL LEKAJ,M,135,Aleanca për Ardhmërinë e Kosovës,AAK,6612
PETRIT HAJDARI,M,134,Partia Demokratike e Kosovës,PDK,7835
PRANVERA EJUPI HAJZERAJ,F,135,Aleanca për Ardhmërinë e Kosovës,AAK,1405
PRANVERA MEROVCI,F,134,Partia Demokratike e Kosovës,PDK,1706
PREMTIM BURNIKI,M,135,Aleanca për Ardhmërinë e Kosovës,AAK,395
QAMIL AVDO,M,117,Partia Rome e Bashkuar e Kosovës,PREBK,50
QAZIM QESKA,M,134,Partia Demokratike e Kosovës,PDK,1875
QENDRESA ADEMI,F,116,Lëvizja për Bashkëveprim,LpB,237
QËNDRIM SELIMI,M,132,Lidhja Demokratike e Kosovës,LDK,513
QIBRIJE HOXHA,F,132,Lidhja Demokratike e Kosovës,LDK,397
RADA TRAJKOVIĆ,F,115,Gi Za Slobodu Pravdu i Opstanak,GI SPO,595
RADOŠ MIHAJLOVIĆ,M,119,Srpska Lista,SL,1225
RAFIT KURTIŠI,M,113,Koalicija VAKAT,VAKAT,208
RAGIP KRASNIQI,M,136,Partia Liberale Egjiptiane,PLE,84
RAHELA IBRAIMI,F,137,Jedinstvena Goranska Partija,JGP,137
RAIMONDA KRASNIQI,F,134,Partia Demokratike e Kosovës,PDK,3550
RAMADUSH LIMANI,M,116,Lëvizja për Bashkëveprim,LpB,409
RAMË BERISHA,M,111,Iniciativa e Re Demokratike e Kosovës,IRDK,33
RAMË LIKAJ,M,135,Aleanca për Ardhmërinë e Kosovës,AAK,4870
RAMË VATAJ,M,134,Partia Demokratike e Kosovës,PDK,4664
RAMË ZEQIRI,M,135,Aleanca për Ardhmërinë e Kosovës,AAK,397
RAMIZ KELMENDI,M,134,Partia Demokratike e Kosovës,PDK,4585
RAMIZ RAMADANI,M,132,Lidhja Demokratike e Kosovës,LDK,4428
RAMIZE SHABANI,F,111,Iniciativa e Re Demokratike e Kosovës,IRDK,25
RAMKA ZENUNI,F,122,Koalicija Zajeno,KZ,13
RAMUSH HARADINAJ,M,135,Aleanca për Ardhmërinë e Kosovës,AAK,41371
RASHIT QALAJ,M,134,Partia Demokratike e Kosovës,PDK,9160
RASIM KRASNIQ,M,117,Partia Rome e Bashkuar e Kosovës,PREBK,276
RASIM RIZAHI,M,111,Iniciativa e Re Demokratike e Kosovës,IRDK,285
RASIM SELMANAJ,M,135,Aleanca për Ardhmërinë e Kosovës,AAK,5267
REDŽEP KAMBERI,M,122,Koalicija Zajeno,KZ,195
REJHAN ABDI,M,131,Nova Demokratska Stranka,NDS,174
REJHAN MUSTAFI,M,125,Socialdemokratska Unija,SDU,280
REJHAN SAGDATI,M,133,Naša Inicijativa,NAŠA,172
REMZI MEHMETI,M,135,Aleanca për Ardhmërinë e Kosovës,AAK,804
REMZIJE ARIFI,F,130,Partia e Ashkalinjëve për Integrim,PAI,3
RESHAT GASHI,M,135,Aleanca për Ardhmërinë e Kosovës,AAK,250
RESMIJE BYTYÇI,F,135,Aleanca për Ardhmërinë e Kosovës,AAK,1274
RESUL MAKRESHI,M,130,Partia e Ashkalinjëve për Integrim,PAI,868
REXHEP HYSENI,M,128,Partia Demokratike e Ashkanlive të Kosovës,PDAK,70
REXHEP KADRIU,M,135,Aleanca për Ardhmërinë e Kosovës,AAK,3633
RIALDA AVDI,F,124,Romani Iniciyativa,RI,109
RIFAT RRUSTEMI,M,121,Nisma Socialdemokrate,NISMA,268
RIFAT SYLEJMANI,M,135,Aleanca për Ardhmërinë e Kosovës,AAK,1451
RINOR KELMENDI,M,138,FJALA,FJALA,149
RITA SPAHIU,F,132,Lidhja Demokratike e Kosovës,LDK,2381
RIZA KRIJEZI,M,124,Romani Iniciyativa,RI,261
ROZETA HAJDARI,F,127,Lëvizja VETËVENDOSJE!,LV,11207
RRAHMAN JAKUPI,M,134,Partia Demokratike e Kosovës,PDK,4431
RREZARTA KRASNIQI,F,132,Lidhja Demokratike e Kosovës,LDK,5529
RREZE DULI,F,127,Lëvizja VETËVENDOSJE!,LV,2910
RREZOFAT AZEMI,F,135,Aleanca për Ardhmërinë e Kosovës,AAK,438
RRITFORT VITIJA,M,138,FJALA,FJALA,38
RRUSTEM BERISHA,M,135,Aleanca për Ardhmërinë e Kosovës,AAK,3291
RRUSTEM LETI,M,127,Lëvizja VETËVENDOSJE!,LV,4953
RRUSTEM MUSA,M,134,Partia Demokratike e Kosovës,PDK,7900
RUKIJE KARAMONI,F,117,Partia Rome e Bashkuar e Kosovës,PREBK,27
RUZHDI KURTISHAJ,M,134,Partia Demokratike e Kosovës,PDK,3700
RUZHDI MATOSHI,M,135,Aleanca për Ardhmërinë e Kosovës,AAK,1021
SABEDIN BERISHA,M,132,Lidhja Demokratike e Kosovës,LDK,652
SABEDIN VISHI,M,134,Partia Demokratike e Kosovës,PDK,4428
SABINA BERISHA,F,111,Iniciativa e Re Demokratike e Kosovës,IRDK,166
SABINA DANA,F,131,Nova Demokratska Stranka,NDS,327
SABRI MICAJ,M,121,Nisma Socialdemokrate,NISMA,1129
SABRIE VELIU,F,128,Partia Demokratike e Ashkanlive të Kosovës,PDAK,124
SABRIJA NIKOQEVIQ,F,125,Socialdemokratska Unija,SDU,51
SABRIJE DRANÇOLLI,F,132,Lidhja Demokratike e Kosovës,LDK,769
SADETA EMINOVIĆ,F,131,Nova Demokratska Stranka,NDS,163
SADIK DELIQI,M,129,Ujedinjena Zajednica - Adrijana Hodžić,UZ-AH,598
SADIK HALITJAHA,M,134,Partia Demokratike e Kosovës,PDK,3117
SADIKA KOFRC,F,125,Socialdemokratska Unija,SDU,447
SAFETE MALIQI QORMEMETI,F,134,Partia Demokratike e Kosovës,PDK,1307
SAJRA SHAJKOVCI,F,133,Naša Inicijativa,NAŠA,85
SALAJDIN FANAJ,M,132,Lidhja Demokratike e Kosovës,LDK,3011
SALEM HALITI,M,133,Naša Inicijativa,NAŠA,140
SALI ASLLANAJ,M,132,Lidhja Demokratike e Kosovës,LDK,4737
SALI BERISHA,M,111,Iniciativa e Re Demokratike e Kosovës,IRDK,291
SALIH MORINA,M,132,Lidhja Demokratike e Kosovës,LDK,3457
SALIH ZYBA,M,127,Lëvizja VETËVENDOSJE!,LV,10350
SAMET DALIPI,M,135,Aleanca për Ardhmërinë e Kosovës,AAK,415
SAMI ARIFI,M,111,Iniciativa e Re Demokratike e Kosovës,IRDK,133
SAMI HOXHA,M,134,Partia Demokratike e Kosovës,PDK,2811
SAMI TUTAJ,M,116,Lëvizja për Bashkëveprim,LpB,34
SAMRA ILIJAZI,F,131,Nova Demokratska Stranka,NDS,655
SANEL HALILOVIC,M,113,Koalicija VAKAT,VAKAT,197
SANELA PAJAZITI,F,122,Koalicija Zajeno,KZ,75
SARANDA BOGUJEVCI,F,127,Lëvizja VETËVENDOSJE!,LV,26389
SARANDA MUSLIU,F,132,Lidhja Demokratike e Kosovës,LDK,4337
SEAT BILIBANI,M,131,Nova Demokratska Stranka,NDS,180
SEDAD DŽAFERI,M,113,Koalicija VAKAT,VAKAT,216
SEFER TUDŽARI,M,122,Koalicija Zajeno,KZ,62
ŠEILA REDŽEPAGIĆ,F,133,Naša Inicijativa,NAŠA,47
SEJDI HOXHA,M,134,Partia Demokratike e Kosovës,PDK,7379
SEJFIJA ADEMI,M,133,Naša Inicijativa,NAŠA,230
ŠEJLA ARIFI,F,131,Nova Demokratska Stranka,NDS,382
ŠEJVAT LJAJKO,M,137,Jedinstvena Goranska Partija,JGP,107
SELAMI MAJIQ,M,128,Partia Demokratike e Ashkanlive të Kosovës,PDAK,313
SELDIN JELMAZI,M,122,Koalicija Zajeno,KZ,153
SELIM DŽOGOVIĆ,M,131,Nova Demokratska Stranka,NDS,171
SELIM SELIMI,M,135,Aleanca për Ardhmërinë e Kosovës,AAK,3558
SEMIJA VEJAPI,F,122,Koalicija Zajeno,KZ,27
ŠEMSA FERIZI,F,131,Nova Demokratska Stranka,NDS,59
SENIJA ILJIJAZI,F,113,Koalicija VAKAT,VAKAT,238
SERVETE MAMUSHA,F,111,Iniciativa e Re Demokratike e Kosovës,IRDK,38
SEVDI DERNJANI,M,134,Partia Demokratike e Kosovës,PDK,1185
SEVGJAN GASHI,F,136,Partia Liberale Egjiptiane,PLE,28
SEVIL KAZAZI,F,112,Kosova Demokratik Türk Partisi,KDTP,1503
SEVIL KISERI,M,131,Nova Demokratska Stranka,NDS,99
SHABAN KASTRATI,M,134,Partia Demokratike e Kosovës,PDK,2477
SHADIL BERISHA,M,117,Partia Rome e Bashkuar e Kosovës,PREBK,42
SHEFKET KOLGECI,M,132,Lidhja Demokratike e Kosovës,LDK,3216
SHEFKI GASHI,M,132,Lidhja Demokratike e Kosovës,LDK,1742
SHEFQET DINAJ,M,135,Aleanca për Ardhmërinë e Kosovës,AAK,965
SHEFQET SHEHU,M,132,Lidhja Demokratike e Kosovës,LDK,2333
SHEMSEDIN DRESHAJ,M,135,Aleanca për Ardhmërinë e Kosovës,AAK,6463
SHENAJ SHALA,F,127,Lëvizja VETËVENDOSJE!,LV,2152
SHENOLL ÇYLANXHI,M,117,Partia Rome e Bashkuar e Kosovës,PREBK,70
SHERIF KRASNIQI,M,121,Nisma Socialdemokrate,NISMA,547
SHKELQIM MILLAKU,M,135,Aleanca për Ardhmërinë e Kosovës,AAK,1399
SHKELZEN BERISHA,M,136,Partia Liberale Egjiptiane,PLE,100
SHKELZEN HAJDINI,M,132,Lidhja Demokratike e Kosovës,LDK,4778
SHKELZEN HOTI,M,116,Lëvizja për Bashkëveprim,LpB,49
SHKËMB MANAJ,M,132,Lidhja Demokratike e Kosovës,LDK,6463
SHKUMBIN DEMALIAJ,M,135,Aleanca për Ardhmërinë e Kosovës,AAK,5480
SHKUMBIN GASHI,M,132,Lidhja Demokratike e Kosovës,LDK,7259
SHKURTE BERISHA,F,121,Nisma Socialdemokrate,NISMA,95
SHKURTE SEJDIU,F,138,FJALA,FJALA,183
SHPEJTIM ARIFI,M,127,Lëvizja VETËVENDOSJE!,LV,3314
SHPEJTIM MULAJ,M,111,Iniciativa e Re Demokratike e Kosovës,IRDK,101
SHPETIM SOJEVA,M,132,Lidhja Demokratike e Kosovës,LDK,1492
SHPRESA SHALLCI,F,121,Nisma Socialdemokrate,NISMA,85
SHPRESA ZEQIRAJ,F,121,Nisma Socialdemokrate,NISMA,111
SHQIPE ISUFI,F,127,Lëvizja VETËVENDOSJE!,LV,7481
SHQIPE MEHMETI SELIMI,F,127,Lëvizja VETËVENDOSJE!,LV,18562
SHQIPE ZOGU,F,134,Partia Demokratike e Kosovës,PDK,4328
SHUKRIJE BERISHA,F,121,Nisma Socialdemokrate,NISMA,491
SHUKRIJE BYTYQI,F,135,Aleanca për Ardhmërinë e Kosovës,AAK,1260
SHYHRETE VOJVODA ALUSHI,F,135,Aleanca për Ardhmërinë e Kosovës,AAK,384
SHYQYRI PECI,M,121,Nisma Socialdemokrate,NISMA,208
SKENDER BIKLIÇI,M,112,Kosova Demokratik Türk Partisi,KDTP,99
SKENDER KANDIĆ,M,131,Nova Demokratska Stranka,NDS,276
SKENDER QORRI,M,111,Iniciativa e Re Demokratike e Kosovës,IRDK,215
SKENDER REÇICA,M,121,Nisma Socialdemokrate,NISMA,2337
SKENDER UKAJ,M,134,Partia Demokratike e Kosovës,PDK,4401
SLAVIŠA PETKOVIĆ,M,118,Srpski Demokratski Savez,SDS,148
SLAVKO SIMIĆ,M,119,Srpska Lista,SL,19728
SOKOL BYTYÇI,M,121,Nisma Socialdemokrate,NISMA,375
SOKOL KOKOLLARI,M,121,Nisma Socialdemokrate,NISMA,55
SONITA KAPLLANI,F,123,Lëvizja Përparimtare e Romëve të Kosovës,LPRK,314
ŠPRESA MURATI,F,113,Koalicija VAKAT,VAKAT,313
SRBOLJUB ANDREJEVIĆ,M,118,Srpski Demokratski Savez,SDS,110
SUANITA VRAGOVIQ,F,117,Partia Rome e Bashkuar e Kosovës,PREBK,137
SUHAT ADEMI,M,136,Partia Liberale Egjiptiane,PLE,649
SUNAJ GARIPI,M,124,Romani Iniciyativa,RI,199
SUNAJ PRIZRENI,F,117,Partia Rome e Bashkuar e Kosovës,PREBK,18
SVETISLAV JOKIĆ,M,119,Srpska Lista,SL,442
SYLË HOXHA,M,132,Lidhja Demokratike e Kosovës,LDK,2767
SYLEJMAN ÇERKEZI,M,134,Partia Demokratike e Kosovës,PDK,1521
TEUTA HAXHIU,F,135,Aleanca për Ardhmërinë e Kosovës,AAK,3654
TIME KADRIJAJ,F,135,Aleanca për Ardhmërinë e Kosovës,AAK,6790
TINKA KURTI,F,127,Lëvizja VETËVENDOSJE!,LV,9130
TUANETA REXHA,F,130,Partia e Ashkalinjëve për Integrim,PAI,13
TYRKAN MENEKSHE,F,117,Partia Rome e Bashkuar e Kosovës,PREBK,22
UKË OSAJ,M,135,Aleanca për Ardhmërinë e Kosovës,AAK,965
UKSHIN TEPEKU,M,116,Lëvizja për Bashkëveprim,LpB,64
URAN HALIMI,M,127,Lëvizja VETËVENDOSJE!,LV,3301
URAN ISMAILI,M,134,Partia Demokratike e Kosovës,PDK,26716
UZAIR HAMZA,M,113,Koalicija VAKAT,VAKAT,494
VALBON MURSELAJ,M,111,Iniciativa e Re Demokratike e Kosovës,IRDK,36
VALBONE HALITI,F,116,Lëvizja për Bashkëveprim,LpB,25
VALBONE KRYEZIU,F,130,Partia e Ashkalinjëve për Integrim,PAI,2
VALDET HOXHA,M,132,Lidhja Demokratike e Kosovës,LDK,2143
VALDET JANUZAJ,M,127,Lëvizja VETËVENDOSJE!,LV,5743
VALDETE BEKTESHI,F,135,Aleanca për Ardhmërinë e Kosovës,AAK,311
VALDETE IDRIZI,F,134,Partia Demokratike e Kosovës,PDK,4756
VALDETE SADRIJI,F,121,Nisma Socialdemokrate,NISMA,210
VALENTINA BAJRAMI,F,121,Nisma Socialdemokrate,NISMA,786
VALENTINA BUNJAKU-REXHEPI,F,132,Lidhja Demokratike e Kosovës,LDK,5777
VALMIR RAMA,M,111,Iniciativa e Re Demokratike e Kosovës,IRDK,392
VALON GRABOVCI,M,134,Partia Demokratike e Kosovës,PDK,5828
VALON KRYEZIU,M,136,Partia Liberale Egjiptiane,PLE,265
VALON MAZREKU,M,121,Nisma Socialdemokrate,NISMA,1899
VALON RAMADANI,M,127,Lëvizja VETËVENDOSJE!,LV,13037
VASFIJE BLAIR,F,127,Lëvizja VETËVENDOSJE!,LV,60879
VASMIJA KAMBERI,F,122,Koalicija Zajeno,KZ,32
VASVIJA HUREMOVIĆ,F,131,Nova Demokratska Stranka,NDS,176
VEBI ALA,M,136,Partia Liberale Egjiptiane,PLE,194
VEHAB AZIRI,M,133,Naša Inicijativa,NAŠA,113
VEHBI RAMA,M,135,Aleanca për Ardhmërinë e Kosovës,AAK,563
VENDENIS LAHU,M,127,Lëvizja VETËVENDOSJE!,LV,9830
VENERA BOGUJEVCI,F,121,Nisma Socialdemokrate,NISMA,75
VERICA ĆERANIĆ,F,119,Srpska Lista,SL,15394
VESA BROJA,F,134,Partia Demokratike e Kosovës,PDK,5354
VETON BERISHA,M,136,Partia Liberale Egjiptiane,PLE,1451
VETON FIRZI,M,134,Partia Demokratike e Kosovës,PDK,1347
VETON GASHI,M,132,Lidhja Demokratike e Kosovës,LDK,684
VETON REXHAJ,M,121,Nisma Socialdemokrate,NISMA,287
VEZAIP OMEROVIĆ,M,137,Jedinstvena Goranska Partija,JGP,143
VINETU GANIQ,M,131,Nova Demokratska Stranka,NDS,40
VIOLETA DEMA,F,121,Nisma Socialdemokrate,NISMA,467
VIOLETË OSAJ,F,132,Lidhja Demokratike e Kosovës,LDK,1510
VISAR FEJZULLAHU,M,121,Nisma Socialdemokrate,NISMA,689
VISAR HOTI,M,132,Lidhja Demokratike e Kosovës,LDK,6655
VISAR KORENICA,M,127,Lëvizja VETËVENDOSJE!,LV,10119
VISAR ZYMERI,M,121,Nisma Socialdemokrate,NISMA,180
VJOSA ISUFI,F,121,Nisma Socialdemokrate,NISMA,438
VJOSA OSMANI-SADRIU,F,127,Lëvizja VETËVENDOSJE!,LV,300756
VLORA DUMOSHI,F,132,Lidhja Demokratike e Kosovës,LDK,6267
VLORA GASHI,F,136,Partia Liberale Egjiptiane,PLE,14
VLORA LIMANI-HAJNUNI,F,132,Lidhja Demokratike e Kosovës,LDK,3882
XHAFER ARIFAJ,M,135,Aleanca për Ardhmërinë e Kosovës,AAK,436
XHAFER BERISHA,M,127,Lëvizja VETËVENDOSJE!,LV,1909
XHAVIT DALLOSHI,M,138,FJALA,FJALA,92
XHAVIT HALITI,M,134,Partia Demokratike e Kosovës,PDK,10538
XHAVIT ZARIQI,M,135,Aleanca për Ardhmërinë e Kosovës,AAK,2521
XHEJLANE GOVORI,F,121,Nisma Socialdemokrate,NISMA,211
XHELADIN BRAHIMI,M,116,Lëvizja për Bashkëveprim,LpB,105
XHELAL KRASNIQI,M,132,Lidhja Demokratike e Kosovës,LDK,780
XHELAL SVEÇLA,M,127,Lëvizja VETËVENDOSJE!,LV,10359
XHEM EMINI,M,124,Romani Iniciyativa,RI,314
XHEMAJL HASANI,M,121,Nisma Socialdemokrate,NISMA,459
XHEMAJL JASHARI,M,117,Partia Rome e Bashkuar e Kosovës,PREBK,40
XHEMAJL QALLAKU,M,116,Lëvizja për Bashkëveprim,LpB,72
XHEVAHIRE IZMAKU,F,134,Partia Demokratike e Kosovës,PDK,5762
XHEVAHIRE KRASNIQI,F,116,Lëvizja për Bashkëveprim,LpB,4
XHEVAHIRE SHABANI,F,128,Partia Demokratike e Ashkanlive të Kosovës,PDAK,33
XHEVAT ISLAMI,M,116,Lëvizja për Bashkëveprim,LpB,24
XHEVDET KRASNIQI,M,121,Nisma Socialdemokrate,NISMA,175
XHEVË HALITI,F,136,Partia Liberale Egjiptiane,PLE,108
XHEZIDE HAJDINI,F,116,Lëvizja për Bashkëveprim,LpB,33
XHULSUME ADEMI,F,130,Partia e Ashkalinjëve për Integrim,PAI,8
XILAJE ISAKU,F,116,Lëvizja për Bashkëveprim,LpB,10
YILDIRAY BAYRAMI,M,112,Kosova Demokratik Türk Partisi,KDTP,973
YLLZA HOTI,F,127,Lëvizja VETËVENDOSJE!,LV,5929
YMIHAN MUJKO,F,112,Kosova Demokratik Türk Partisi,KDTP,206
ZABID MUSTAFA,M,130,Partia e Ashkalinjëve për Integrim,PAI,12
ZAFIR BERISHA,M,121,Nisma Socialdemokrate,NISMA,3390
ZAHIDE GËRVALLA,F,132,Lidhja Demokratike e Kosovës,LDK,1256
ZAIM BAJRAMI,M,131,Nova Demokratska Stranka,NDS,48
ZAIM BELA,M,135,Aleanca për Ardhmërinë e Kosovës,AAK,461
ZARIFA ALIJA,F,137,Jedinstvena Goranska Partija,JGP,35
ZEJNELJ ESE,M,113,Koalicija VAKAT,VAKAT,242
ZEK BERISHA,M,117,Partia Rome e Bashkuar e Kosovës,PREBK,80
ZENUN SHALA,M,132,Lidhja Demokratike e Kosovës,LDK,1184
ZERINA MALJIĆI,F,131,Nova Demokratska Stranka,NDS,122
ZIJAJDIN VRAGOVIQ,M,117,Partia Rome e Bashkuar e Kosovës,PREBK,78
ZIJUSH AHMETI,M,134,Partia Demokratike e Kosovës,PDK,593
ZIKRETA ALITI,F,131,Nova Demokratska Stranka,NDS,651
ZINAIDA ELMAZI,F,113,Koalicija VAKAT,VAKAT,456
ZINETA SKENDERI,F,131,Nova Demokratska Stranka,NDS,125
ZINUREJ IMERI,M,137,Jedinstvena Goranska Partija,JGP,67
ZONJUSHE TOSKA,F,117,Partia Rome e Bashkuar e Kosovës,PREBK,121
ZORAN MAKSIMOVIĆ,M,119,Srpska Lista,SL,2383
ZORAN MOJSILOVIĆ,M,119,Srpska Lista,SL,18340
ZÜMRÜT BUCKO,F,112,Kosova Demokratik Türk Partisi,KDTP,752
ZYHRA HADRI,F,111,Iniciativa e Re Demokratike e Kosovës,IRDK,118
